6.296355082
5.748797069
5.89546961
6.80917292
6.791451204
6.552950462
6.909745289
7.323152293
10.04521726
8.155638975
4.886860811
6.192026138
8.489163401
7.631914637
8.338762779
8.30655116
9.020390326
5.423136633
5.780485043
6.151120689
8.265557224
6.697201721
6.348287317
5.600290598
7.542889526
5.224725845
5.24180174
3.980080514
7.056326974
4.801143379
7.84364552
7.496021295
6.456727885
8.804880043
5.503291734
6.981129212
7.674373489
5.839488404
6.390819611
5.457876554
10.04929379
5.294694919
5.608936425
6.628132404
6.345494526
10.74584501
7.73831559
9.695517791
9.458560998
10.21960624
6.276690902
7.416346734
5.530960875
7.485420901
5.958874679
6.862588055
9.381681905
5.694854155
6.303660055
4.439656066
4.804037592
6.16602141
6.772717741
6.365649903
5.731809552
9.008861274
4.602392508
9.260585953
7.428498198
7.293377389
7.965109579
7.925846446
11.4954476
5.911180097
5.796741123
9.531353806
7.312622801
6.181508301
6.134642292
9.889446812
7.926567022
7.624104521
6.053728027
7.19466608
6.891606839
7.660137789
5.495706942
3.330095744
6.739050355
4.803839704
7.409891703
7.067853611
6.938769238
5.578292887
7.74868209
5.521407732
7.81593955
5.102193857
7.927897169
8.452647572