5.553516577
5.888206331
5.631292408
6.918571655
6.526235762
6.481034319
6.413620638
7.531681175
10.75246877
7.955338827
5.128957461
6.500467575
7.521364699
7.904633682
8.886921718
8.878330305
8.873467281
5.724918993
6.283494519
6.631963714
8.339045372
6.379948817
6.322217637
5.466627861
7.172457036
4.771116062
5.061813972
3.709514986
7.144776975
5.104675492
8.346419631
7.507593317
6.658018454
9.528974881
5.462731075
7.017465138
7.865238483
5.214909454
6.04332249
5.690551547
10.4104904
5.722249303
5.546342949
6.144044808
6.491347706
12.16132746
7.506126039
9.783926211
10.25227051
10.7813808
5.928978722
7.721278009
5.343880294
7.328450578
5.118502926
6.904436017
9.889203289
6.107814628
6.815183502
4.602929763
5.605296673
5.522995851
7.174973287
5.678883462
6.340711777
8.848731199
4.976030355
10.23147319
7.193755508
6.92398862
7.762374471
6.938077121
12.04200493
5.846924216
5.963896061
9.565419981
6.64450254
6.040413077
5.848594283
11.45193025
8.305991221
7.649983385
6.221477803
7.564616235
7.37842724
7.449293623
5.39188472
3.598725641
6.275733927
4.996542237
7.625245417
7.636893246
7.212193383
6.098470917
7.079211113
5.546094308
7.949947842
5.348315785
7.533147122
7.898046494