6.104689719
5.95587039
5.917717473
6.936920504
6.346797772
6.367941582
7.043094193
7.878114654
10.33557069
7.450519061
5.031792151
6.845531252
8.401995845
7.861268571
8.997607395
8.420549309
8.51335884
5.891437276
5.984287877
6.143359712
8.275566419
6.200508362
6.220947158
5.294087346
7.384050807
5.319435889
5.34605815
3.935654488
7.066804975
5.135810456
7.998743608
7.862507133
6.029389106
8.819747352
5.561131249
6.731328239
7.502688293
5.804290998
6.534721913
5.080163871
10.15586082
5.718399538
5.715345725
6.607595773
6.608637203
10.974519
7.525221209
9.653631129
9.583442339
9.865229988
5.938047076
7.103904532
5.677060661
7.396942072
5.749771217
6.867004137
9.485225862
6.168191402
6.359944986
4.131618035
5.028480396
6.090573378
7.015227034
5.966214845
5.625657742
8.698949288
4.915679458
9.761505569
7.660494249
7.290425867
7.800893729
7.487087696
11.65086001
5.677259675
5.819364178
9.32196708
6.982826507
5.945287354
6.017754226
10.29806089
8.1035724
7.880492767
6.101073724
7.273696428
6.971320364
7.634926865
5.604874432
3.401235999
6.849802514
4.682846201
7.491774675
7.150692964
7.078443537
5.981279332
7.632004411
5.609838399
7.858880503
5.203798064
8.05767344
8.191180357